1
2
3
4
5
6
7
8
9
10
11
12
13
14
15
16
17
18
19
20
21
22
23
24
25
26
27
32
35
36
40
42
43
44
29
30
31
47
48
50
33
34
28
39
41
38
46
45
37
49
51
52
53
54
60
56
55
59
58
72
62
66
69
68
65
67
79
80
75
82
83
84
85
78
86
89
87
90
91
92
93
94
77
97
98
99
100
81
73
76
95
96
101
102
104
112
103
108
106
113
111
107
118
119
114
109
105
110
121
120
124
125
123
116
126
137
129
115
144
133
134
128
138
139
140
143
130
146
122
131
135
136
149
150
141
142
148
145
151
153
159
162
167
168
160
164
165
166
154
171
155
173
174
175
176
177
156
178
161
163
170
152
184
179
180
157
181
182
183
172
185
186
187
188
192
195
196
191
158
193
194
197
189
198
190
199
200
201
202
203
204
207
208
206
209
214
216
212
217
205
210
226
225
231
215
218
229
230
221
222
239
223
240
224
232
234
228
236
238
211
233
235
241
243
244
246
247
248
249
250
242
237
245
251
252
253
254
255
256
257
258
259
260
261
262
263
264
265
267
266
268
269
270
271
272
274
275
277
279
280
281
282
283
284
286
285
288
289
290
291
292
293
294
296
295
297
298
299
300
